 sig=    1.000000000000000      inputfile=
 /home/rjrj524/project3/20251121_pwo/nc/wout_pwO_nfp2_A6.nc                                                                                                                                              
 dt=   1.0000000000000001E-009
 steps=      2000000
 x0=   7.4600000000000000E-002    4.710000000000000      
   -2.157000000000000     
 u=    1000000.000000000     
 v_perp=    4300000.000000000     
 
time(s)         r       z        zeta      s
